A<6,0,2,0,1,3,4,6,1,3,2>
C<0,0,0,0,0,0,0>
C<2,2,2,2,1,0,2>
C<2,4,6,8,9,9,11>
B<0,0,0,0,0,0,0,0,0,0,0>

C<2,4,5,8,9,9,11>
B<0,0,0,0,0,2,0,0,0,0,0>

C<2,4,5,7,9,9,11>
B<0,0,0,0,0,2,0,3,0,0,0>

C<2,3,5,7,9,9,11>
B<0,0,0,1,0,2,0,3,0,0,0>

C<2,3,5,7,9,9,10>
B<0,0,0,1,0,2,0,3,0,0,6>

C<2,3,5,7,8,9,10>
B<0,0,0,1,0,2,0,3,4,0,6>

C<2,3,5,6,8,9,10>
B<0,0,0,1,0,2,3,3,4,0,6>

C<2,2,5,6,8,9,10>
B<0,0,1,1,0,2,3,3,4,0,6>

C<1,2,5,6,8,9,10>
B<0,0,1,1,0,2,3,3,4,0,6>

C<1,2,4,6,8,9,10>
B<0,0,1,1,2,2,3,3,4,0,6>

C<0,2,4,6,8,9,10>
B<0,0,1,1,2,2,3,3,4,0,6>

C<0,2,4,6,8,9,9>
B<0,0,1,1,2,2,3,3,4,6,6>

